CELLS
0 0 0
0 1 0
0 2 0
0 3 0
0 4 0
0 5 0
0 6 0
0 7 0
0 8 0
0 9 0
0 10 0
0 11 0
0 12 0
0 13 0
0 14 0
0 15 0
0 16 0
0 17 0
0 18 0
0 19 0
0 20 0
0 21 0
0 22 1
0 23 1
0 24 1
0 25 2
0 26 2
0 27 3
0 28 3
0 29 3
0 30 3
0 31 3
0 32 3
0 33 2
0 34 2
0 35 2
0 36 1
0 37 3
0 38 2
0 39 2
0 40 2
0 41 2
0 42 2
0 43 2
0 44 2
0 45 2
0 46 1
0 47 1
0 48 0
0 49 0
0 50 0
0 51 0
0 52 0
0 53 0
0 54 0
0 55 0
0 56 0
0 57 0
0 58 0
0 59 0
0 60 0
0 61 -1
0 62 -4
0 63 -5
0 64 -5
0 65 -5
0 66 -5
0 67 -5
0 68 -4
0 69 -3
1 0 0
1 1 0
1 2 0
1 3 0
1 4 0
1 5 0
1 6 0
1 7 0
1 8 0
1 9 0
1 10 0
1 11 0
1 12 0
1 13 0
1 14 0
1 15 0
1 16 0
1 17 0
1 18 0
1 19 0
1 20 0
1 21 0
1 22 1
1 23 1
1 24 1
1 25 2
1 26 2
1 27 3
1 28 3
1 29 3
1 30 3
1 31 3
1 32 3
1 33 2
1 34 2
1 35 2
1 36 2
1 37 3
1 38 2
1 39 2
1 40 2
1 41 2
1 42 2
1 43 2
1 44 2
1 45 2
1 46 2
1 47 1
1 48 0
1 49 0
1 50 0
1 51 0
1 52 0
1 53 0
1 54 0
1 55 0
1 56 0
1 57 0
1 58 0
1 59 0
1 60 -2
1 61 -4
1 62 -5
1 63 -6
1 64 -6
1 65 -6
1 66 -6
1 67 -5
1 68 -5
1 69 -4
2 0 0
2 1 0
2 2 0
2 3 0
2 4 0
2 5 0
2 6 0
2 7 0
2 8 0
2 9 0
2 10 0
2 11 0
2 12 0
2 13 0
2 14 0
2 15 0
2 16 0
2 17 0
2 18 0
2 19 0
2 20 0
2 21 0
2 22 1
2 23 1
2 24 1
2 25 2
2 26 2
2 27 3
2 28 3
2 29 3
2 30 3
2 31 3
2 32 3
2 33 2
2 34 2
2 35 2
2 36 2
2 37 3
2 38 2
2 39 2
2 40 2
2 41 2
2 42 2
2 43 2
2 44 2
2 45 2
2 46 2
2 47 1
2 48 0
2 49 0
2 50 0
2 51 0
2 52 0
2 53 0
2 54 0
2 55 0
2 56 0
2 57 -1
2 58 -1
2 59 -4
2 60 -5
2 61 -6
2 62 -7
2 63 -8
2 64 -7
2 65 -7
2 66 -6
2 67 -6
2 68 -5
2 69 -5
3 0 0
3 1 0
3 2 0
3 3 0
3 4 0
3 5 0
3 6 0
3 7 0
3 8 0
3 9 0
3 10 0
3 11 0
3 12 0
3 13 0
3 14 0
3 15 0
3 16 0
3 17 0
3 18 0
3 19 0
3 20 0
3 21 0
3 22 2
3 23 2
3 24 2
3 25 3
3 26 3
3 27 5
3 28 5
3 29 4
3 30 4
3 31 4
3 32 4
3 33 3
3 34 2
3 35 2
3 36 2
3 37 3
3 38 2
3 39 2
3 40 2
3 41 2
3 42 2
3 43 2
3 44 2
3 45 2
3 46 2
3 47 1
3 48 0
3 49 0
3 50 0
3 51 0
3 52 0
3 53 0
3 54 0
3 55 0
3 56 -1
3 57 -1
3 58 -3
3 59 -4
3 60 -5
3 61 -6
3 62 -7
3 63 -8
3 64 -8
3 65 -7
3 66 -7
3 67 -6
3 68 -6
3 69 -5
4 0 0
4 1 0
4 2 0
4 3 0
4 4 0
4 5 0
4 6 0
4 7 0
4 8 0
4 9 0
4 10 0
4 11 0
4 12 0
4 13 0
4 14 0
4 15 0
4 16 0
4 17 0
4 18 0
4 19 0
4 20 1
4 21 2
4 22 3
4 23 3
4 24 3
4 25 4
4 26 5
4 27 5
4 28 5
4 29 5
4 30 4
4 31 4
4 32 5
4 33 4
4 34 4
4 35 3
4 36 3
4 37 4
4 38 3
4 39 2
4 40 2
4 41 2
4 42 2
4 43 2
4 44 2
4 45 2
4 46 2
4 47 1
4 48 0
4 49 0
4 50 0
4 51 0
4 52 -1
4 53 -1
4 54 -1
4 55 -3
4 56 -3
4 57 -4
4 58 -5
4 59 -5
4 60 -6
4 61 -7
4 62 -7
4 63 -8
4 64 -8
4 65 -8
4 66 -7
4 67 -7
4 68 -6
4 69 -5
5 0 0
5 1 0
5 2 0
5 3 0
5 4 0
5 5 0
5 6 0
5 7 0
5 8 0
5 9 0
5 10 0
5 11 0
5 12 0
5 13 0
5 14 0
5 15 0
5 16 0
5 17 0
5 18 0
5 19 1
5 20 2
5 21 2
5 22 3
5 23 3
5 24 3
5 25 4
5 26 5
5 27 6
5 28 5
5 29 5
5 30 5
5 31 5
5 32 5
5 33 4
5 34 4
5 35 3
5 36 3
5 37 4
5 38 3
5 39 3
5 40 2
5 41 2
5 42 2
5 43 2
5 44 2
5 45 2
5 46 2
5 47 1
5 48 0
5 49 0
5 50 0
5 51 -1
5 52 -1
5 53 -1
5 54 -2
5 55 -3
5 56 -3
5 57 -4
5 58 -5
5 59 -6
5 60 -6
5 61 -7
5 62 -8
5 63 -8
5 64 -8
5 65 -8
5 66 -7
5 67 -7
5 68 -6
5 69 -5
6 0 0
6 1 0
6 2 0
6 3 0
6 4 0
6 5 0
6 6 0
6 7 0
6 8 0
6 9 0
6 10 0
6 11 0
6 12 0
6 13 0
6 14 0
6 15 0
6 16 0
6 17 0
6 18 1
6 19 1
6 20 2
6 21 2
6 22 3
6 23 3
6 24 3
6 25 4
6 26 4
6 27 5
6 28 6
6 29 5
6 30 6
6 31 6
6 32 6
6 33 5
6 34 4
6 35 4
6 36 4
6 37 3
6 38 3
6 39 3
6 40 3
6 41 2
6 42 2
6 43 2
6 44 2
6 45 2
6 46 2
6 47 0
6 48 0
6 49 0
6 50 -1
6 51 -1
6 52 -1
6 53 -3
6 54 -3
6 55 -4
6 56 -4
6 57 -5
6 58 -6
6 59 -7
6 60 -7
6 61 -7
6 62 -8
6 63 -8
6 64 -8
6 65 -8
6 66 -7
6 67 -7
6 68 -6
6 69 -5
7 0 0
7 1 0
7 2 0
7 3 0
7 4 0
7 5 0
7 6 0
7 7 0
7 8 0
7 9 0
7 10 0
7 11 0
7 12 1
7 13 1
7 14 1
7 15 1
7 16 1
7 17 1
7 18 2
7 19 1
7 20 2
7 21 2
7 22 2
7 23 3
7 24 3
7 25 4
7 26 4
7 27 4
7 28 4
7 29 5
7 30 7
7 31 6
7 32 5
7 33 5
7 34 5
7 35 5
7 36 3
7 37 3
7 38 3
7 39 3
7 40 3
7 41 2
7 42 2
7 43 2
7 44 2
7 45 2
7 46 1
7 47 -1
7 48 -1
7 49 -1
7 50 -3
7 51 -3
7 52 -4
7 53 -5
7 54 -4
7 55 -5
7 56 -5
7 57 -5
7 58 -6
7 59 -7
7 60 -8
7 61 -7
7 62 -7
7 63 -8
7 64 -7
7 65 -8
7 66 -7
7 67 -7
7 68 -6
7 69 -5
8 0 0
8 1 0
8 2 0
8 3 0
8 4 0
8 5 0
8 6 0
8 7 0
8 8 0
8 9 0
8 10 0
8 11 1
8 12 1
8 13 1
8 14 1
8 15 1
8 16 1
8 17 1
8 18 3
8 19 3
8 20 3
8 21 3
8 22 3
8 23 3
8 24 4
8 25 4
8 26 4
8 27 4
8 28 5
8 29 5
8 30 6
8 31 4
8 32 4
8 33 4
8 34 4
8 35 4
8 36 3
8 37 3
8 38 3
8 39 3
8 40 2
8 41 1
8 42 1
8 43 1
8 44 1
8 45 1
8 46 -1
8 47 -1
8 48 -1
8 49 -2
8 50 -3
8 51 -4
8 52 -4
8 53 -5
8 54 -5
8 55 -5
8 56 -5
8 57 -6
8 58 -6
8 59 -7
8 60 -8
8 61 -7
8 62 -7
8 63 -7
8 64 -7
8 65 -7
8 66 -6
8 67 -6
8 68 -5
8 69 -4
9 0 0
9 1 0
9 2 0
9 3 0
9 4 0
9 5 0
9 6 0
9 7 0
9 8 0
9 9 0
9 10 1
9 11 1
9 12 1
9 13 1
9 14 1
9 15 1
9 16 1
9 17 2
9 18 3
9 19 4
9 20 5
9 21 4
9 22 4
9 23 4
9 24 4
9 25 5
9 26 3
9 27 4
9 28 4
9 29 4
9 30 5
9 31 4
9 32 4
9 33 4
9 34 4
9 35 4
9 36 3
9 37 3
9 38 3
9 39 3
9 40 2
9 41 1
9 42 1
9 43 1
9 44 1
9 45 -2
9 46 -3
9 47 -3
9 48 -4
9 49 -4
9 50 -5
9 51 -6
9 52 -5
9 53 -5
9 54 -5
9 55 -6
9 56 -5
9 57 -6
9 58 -7
9 59 -6
9 60 -7
9 61 -7
9 62 -6
9 63 -7
9 64 -6
9 65 -6
9 66 -5
9 67 -5
9 68 -4
9 69 -2
10 0 0
10 1 0
10 2 0
10 3 0
10 4 0
10 5 0
10 6 0
10 7 0
10 8 0
10 9 0
10 10 1
10 11 1
10 12 1
10 13 1
10 14 1
10 15 1
10 16 2
10 17 2
10 18 4
10 19 4
10 20 6
10 21 5
10 22 5
10 23 5
10 24 5
10 25 6
10 26 6
10 27 5
10 28 5
10 29 5
10 30 6
10 31 5
10 32 5
10 33 5
10 34 4
10 35 4
10 36 3
10 37 3
10 38 2
10 39 2
10 40 1
10 41 0
10 42 0
10 43 0
10 44 -1
10 45 -3
10 46 -3
10 47 -3
10 48 -4
10 49 -4
10 50 -5
10 51 -6
10 52 -6
10 53 -6
10 54 -5
10 55 -6
10 56 -5
10 57 -6
10 58 -6
10 59 -6
10 60 -6
10 61 -6
10 62 -6
10 63 -6
10 64 -5
10 65 -5
10 66 -4
10 67 -4
10 68 -1
10 69 0
11 0 0
11 1 0
11 2 0
11 3 0
11 4 0
11 5 0
11 6 0
11 7 0
11 8 0
11 9 0
11 10 1
11 11 1
11 12 1
11 13 1
11 14 1
11 15 1
11 16 2
11 17 3
11 18 4
11 19 5
11 20 6
11 21 5
11 22 5
11 23 5
11 24 5
11 25 6
11 26 7
11 27 7
11 28 5
11 29 5
11 30 6
11 31 5
11 32 5
11 33 5
11 34 5
11 35 4
11 36 3
11 37 3
11 38 2
11 39 2
11 40 1
11 41 0
11 42 0
11 43 -1
11 44 -2
11 45 -3
11 46 -3
11 47 -3
11 48 -4
11 49 -4
11 50 -5
11 51 -6
11 52 -6
11 53 -7
11 54 -6
11 55 -5
11 56 -5
11 57 -5
11 58 -6
11 59 -5
11 60 -6
11 61 -5
11 62 -4
11 63 -4
11 64 -3
11 65 -2
11 66 -2
11 67 0
11 68 0
11 69 0
12 0 0
12 1 0
12 2 0
12 3 0
12 4 0
12 5 0
12 6 0
12 7 0
12 8 1
12 9 1
12 10 2
12 11 2
12 12 2
12 13 2
12 14 2
12 15 1
12 16 2
12 17 3
12 18 5
12 19 5
12 20 5
12 21 5
12 22 5
12 23 5
12 24 5
12 25 6
12 26 7
12 27 7
12 28 6
12 29 5
12 30 5
12 31 5
12 32 5
12 33 5
12 34 5
12 35 4
12 36 3
12 37 3
12 38 2
12 39 2
12 40 1
12 41 0
12 42 0
12 43 -1
12 44 -3
12 45 -4
12 46 -4
12 47 -4
12 48 -5
12 49 -5
12 50 -6
12 51 -6
12 52 -6
12 53 -7
12 54 -6
12 55 -5
12 56 -4
12 57 -5
12 58 -5
12 59 -5
12 60 -5
12 61 -4
12 62 -3
12 63 -3
12 64 -1
12 65 -1
12 66 0
12 67 0
12 68 0
12 69 0
13 0 0
13 1 0
13 2 0
13 3 0
13 4 0
13 5 0
13 6 0
13 7 1
13 8 1
13 9 1
13 10 2
13 11 2
13 12 2
13 13 2
13 14 2
13 15 2
13 16 2
13 17 3
13 18 4
13 19 5
13 20 5
13 21 4
13 22 5
13 23 5
13 24 5
13 25 6
13 26 6
13 27 7
13 28 5
13 29 4
13 30 4
13 31 5
13 32 5
13 33 5
13 34 4
13 35 4
13 36 3
13 37 3
13 38 2
13 39 2
13 40 0
13 41 0
13 42 0
13 43 -2
13 44 -3
13 45 -4
13 46 -4
13 47 -4
13 48 -5
13 49 -5
13 50 -5
13 51 -7
13 52 -6
13 53 -6
13 54 -6
13 55 -5
13 56 -4
13 57 -4
13 58 -4
13 59 -3
13 60 -2
13 61 -2
13 62 -1
13 63 0
13 64 0
13 65 0
13 66 0
13 67 0
13 68 0
13 69 0
14 0 0
14 1 0
14 2 0
14 3 0
14 4 0
14 5 0
14 6 1
14 7 1
14 8 1
14 9 1
14 10 2
14 11 2
14 12 2
14 13 2
14 14 2
14 15 2
14 16 3
14 17 3
14 18 4
14 19 4
14 20 5
14 21 4
14 22 4
14 23 4
14 24 4
14 25 5
14 26 5
14 27 4
14 28 3
14 29 3
14 30 3
14 31 3
14 32 4
14 33 4
14 34 4
14 35 4
14 36 3
14 37 3
14 38 2
14 39 1
14 40 0
14 41 -1
14 42 -2
14 43 -3
14 44 -4
14 45 -5
14 46 -5
14 47 -5
14 48 -5
14 49 -5
14 50 -5
14 51 -6
14 52 -7
14 53 -6
14 54 -5
14 55 -5
14 56 -4
14 57 -4
14 58 -4
14 59 -2
14 60 -2
14 61 -2
14 62 0
14 63 -1
14 64 -1
14 65 -1
14 66 -1
14 67 -1
14 68 -1
14 69 -1
15 0 0
15 1 0
15 2 0
15 3 0
15 4 0
15 5 0
15 6 1
15 7 1
15 8 1
15 9 1
15 10 2
15 11 2
15 12 2
15 13 2
15 14 2
15 15 2
15 16 3
15 17 4
15 18 5
15 19 5
15 20 5
15 21 4
15 22 4
15 23 4
15 24 3
15 25 4
15 26 4
15 27 4
15 28 3
15 29 2
15 30 3
15 31 3
15 32 3
15 33 3
15 34 3
15 35 3
15 36 2
15 37 2
15 38 1
15 39 0
15 40 -1
15 41 -2
15 42 -3
15 43 -4
15 44 -5
15 45 -6
15 46 -6
15 47 -6
15 48 -6
15 49 -5
15 50 -5
15 51 -5
15 52 -6
15 53 -5
15 54 -4
15 55 -3
15 56 -2
15 57 -2
15 58 -2
15 59 -1
15 60 -1
15 61 -1
15 62 -2
15 63 -2
15 64 -2
15 65 -2
15 66 -2
15 67 -2
15 68 -1
15 69 -1
16 0 0
16 1 0
16 2 0
16 3 0
16 4 0
16 5 0
16 6 1
16 7 1
16 8 1
16 9 1
16 10 1
16 11 2
16 12 2
16 13 2
16 14 3
16 15 3
16 16 6
16 17 6
16 18 7
16 19 7
16 20 6
16 21 5
16 22 5
16 23 4
16 24 4
16 25 4
16 26 4
16 27 3
16 28 3
16 29 2
16 30 2
16 31 3
16 32 3
16 33 3
16 34 3
16 35 3
16 36 2
16 37 1
16 38 0
16 39 -1
16 40 -2
16 41 -2
16 42 -3
16 43 -4
16 44 0
16 45 0
16 46 -1
16 47 -1
16 48 -6
16 49 -6
16 50 -5
16 51 -5
16 52 -5
16 53 -5
16 54 -4
16 55 -2
16 56 -2
16 57 -2
16 58 -1
16 59 -1
16 60 -1
16 61 -2
16 62 -2
16 63 -2
16 64 -2
16 65 -2
16 66 -2
16 67 -2
16 68 -2
16 69 -1
17 0 0
17 1 0
17 2 0
17 3 0
17 4 0
17 5 0
17 6 1
17 7 1
17 8 1
17 9 1
17 10 1
17 11 1
17 12 2
17 13 3
17 14 3
17 15 5
17 16 5
17 17 6
17 18 7
17 19 6
17 20 6
17 21 6
17 22 5
17 23 6
17 24 5
17 25 6
17 26 4
17 27 5
17 28 4
17 29 4
17 30 3
17 31 3
17 32 3
17 33 3
17 34 2
17 35 2
17 36 0
17 37 0
17 38 0
17 39 -2
17 40 -2
17 41 -2
17 42 -3
17 43 -4
17 44 -5
17 45 -5
17 46 -5
17 47 4
17 48 -6
17 49 -6
17 50 -5
17 51 -5
17 52 -5
17 53 -4
17 54 -2
17 55 -1
17 56 -1
17 57 0
17 58 0
17 59 -1
17 60 -1
17 61 -2
17 62 -2
17 63 -2
17 64 -2
17 65 -2
17 66 -2
17 67 -2
17 68 -2
17 69 -2
18 0 0
18 1 0
18 2 0
18 3 0
18 4 0
18 5 0
18 6 2
18 7 2
18 8 2
18 9 2
18 10 2
18 11 2
18 12 3
18 13 2
18 14 4
18 15 5
18 16 5
18 17 4
18 18 7
18 19 7
18 20 7
18 21 6
18 22 7
18 23 6
18 24 6
18 25 5
18 26 5
18 27 4
18 28 4
18 29 3
18 30 3
18 31 2
18 32 2
18 33 2
18 34 2
18 35 1
18 36 0
18 37 0
18 38 -1
18 39 -3
18 40 -3
18 41 -3
18 42 -4
18 43 -4
18 44 -5
18 45 -5
18 46 -5
18 47 0
18 48 -5
18 49 -5
18 50 -3
18 51 -3
18 52 -3
18 53 -1
18 54 0
18 55 0
18 56 0
18 57 0
18 58 0
18 59 -1
18 60 -1
18 61 -2
18 62 -2
18 63 -2
18 64 -2
18 65 -2
18 66 -2
18 67 -2
18 68 -2
18 69 -2
19 0 0
19 1 0
19 2 0
19 3 0
19 4 0
19 5 1
19 6 2
19 7 2
19 8 2
19 9 2
19 10 2
19 11 2
19 12 3
19 13 4
19 14 4
19 15 5
19 16 5
19 17 5
19 18 5
19 19 7
19 20 7
19 21 8
19 22 7
19 23 7
19 24 6
19 25 6
19 26 5
19 27 5
19 28 4
19 29 4
19 30 3
19 31 3
19 32 2
19 33 2
19 34 2
19 35 1
19 36 0
19 37 -1
19 38 -2
19 39 -4
19 40 -4
19 41 -4
19 42 -4
19 43 -4
19 44 -5
19 45 -5
19 46 -5
19 47 0
19 48 -5
19 49 -5
19 50 -3
19 51 -3
19 52 -2
19 53 0
19 54 0
19 55 0
19 56 0
19 57 -1
19 58 -1
19 59 -2
19 60 -2
19 61 -3
19 62 -3
19 63 -3
19 64 -2
19 65 -2
19 66 -2
19 67 -2
19 68 -2
19 69 -2
20 0 0
20 1 0
20 2 0
20 3 0
20 4 1
20 5 1
20 6 2
20 7 2
20 8 2
20 9 2
20 10 2
20 11 2
20 12 4
20 13 4
20 14 5
20 15 5
20 16 6
20 17 5
20 18 5
20 19 5
20 20 6
20 21 7
20 22 8
20 23 6
20 24 6
20 25 5
20 26 4
20 27 4
20 28 4
20 29 4
20 30 4
20 31 3
20 32 2
20 33 2
20 34 1
20 35 1
20 36 -1
20 37 -2
20 38 -2
20 39 -4
20 40 -4
20 41 -4
20 42 -5
20 43 -5
20 44 -5
20 45 -5
20 46 -4
20 47 2
20 48 -3
20 49 -3
20 50 -1
20 51 -1
20 52 -1
20 53 0
20 54 0
20 55 0
20 56 -1
20 57 -1
20 58 -1
20 59 -2
20 60 -2
20 61 -3
20 62 -3
20 63 -3
20 64 -3
20 65 -3
20 66 -3
20 67 -3
20 68 -3
20 69 -3
21 0 0
21 1 0
21 2 0
21 3 0
21 4 1
21 5 1
21 6 1
21 7 2
21 8 2
21 9 2
21 10 2
21 11 2
21 12 4
21 13 4
21 14 5
21 15 7
21 16 6
21 17 6
21 18 6
21 19 6
21 20 6
21 21 8
21 22 7
21 23 5
21 24 5
21 25 5
21 26 3
21 27 3
21 28 3
21 29 3
21 30 3
21 31 3
21 32 1
21 33 1
21 34 1
21 35 1
21 36 -3
21 37 -3
21 38 -3
21 39 -5
21 40 -5
21 41 -5
21 42 -5
21 43 -5
21 44 -5
21 45 -5
21 46 -5
21 47 -3
21 48 -3
21 49 -3
21 50 -1
21 51 -1
21 52 0
21 53 0
21 54 0
21 55 -1
21 56 -1
21 57 -1
21 58 -1
21 59 -2
21 60 -2
21 61 -3
21 62 -3
21 63 -3
21 64 -4
21 65 -4
21 66 -3
21 67 -3
21 68 -3
21 69 -3
22 0 0
22 1 0
22 2 0
22 3 0
22 4 1
22 5 1
22 6 1
22 7 1
22 8 2
22 9 2
22 10 2
22 11 2
22 12 4
22 13 4
22 14 6
22 15 6
22 16 6
22 17 6
22 18 6
22 19 6
22 20 6
22 21 8
22 22 8
22 23 5
22 24 5
22 25 5
22 26 3
22 27 3
22 28 3
22 29 3
22 30 3
22 31 3
22 32 1
22 33 1
22 34 1
22 35 0
22 36 -3
22 37 -3
22 38 -3
22 39 -5
22 40 -5
22 41 -5
22 42 -5
22 43 -5
22 44 -5
22 45 -5
22 46 -5
22 47 -3
22 48 -3
22 49 -3
22 50 -1
22 51 0
22 52 0
22 53 0
22 54 0
22 55 -2
22 56 -2
22 57 -2
22 58 -2
22 59 -3
22 60 -3
22 61 -4
22 62 -4
22 63 -5
22 64 -5
22 65 -5
22 66 -4
22 67 -4
22 68 -4
22 69 -3
23 0 0
23 1 0
23 2 0
23 3 0
23 4 1
23 5 1
23 6 1
23 7 1
23 8 1
23 9 1
23 10 1
23 11 1
23 12 3
23 13 4
23 14 6
23 15 7
23 16 7
23 17 7
23 18 7
23 19 8
23 20 8
23 21 10
23 22 10
23 23 8
23 24 7
23 25 7
23 26 4
23 27 4
23 28 3
23 29 3
23 30 3
23 31 3
23 32 1
23 33 1
23 34 0
23 35 0
23 36 -4
23 37 -4
23 38 -4
23 39 -5
23 40 -6
23 41 -6
23 42 -6
23 43 -5
23 44 -5
23 45 -4
23 46 -4
23 47 -2
23 48 -2
23 49 -1
23 50 0
23 51 0
23 52 0
23 53 0
23 54 -1
23 55 -2
23 56 -2
23 57 -2
23 58 -2
23 59 -3
23 60 -3
23 61 -4
23 62 -5
23 63 -5
23 64 -5
23 65 -5
23 66 -4
23 67 -4
23 68 -4
23 69 -4
24 0 0
24 1 0
24 2 0
24 3 0
24 4 1
24 5 1
24 6 1
24 7 1
24 8 1
24 9 1
24 10 2
24 11 2
24 12 4
24 13 6
24 14 7
24 15 8
24 16 9
24 17 8
24 18 9
24 19 9
24 20 10
24 21 12
24 22 11
24 23 9
24 24 8
24 25 7
24 26 6
24 27 5
24 28 5
24 29 3
24 30 3
24 31 3
24 32 1
24 33 1
24 34 0
24 35 -1
24 36 -4
24 37 -4
24 38 -4
24 39 -4
24 40 -5
24 41 -6
24 42 -6
24 43 -6
24 44 -5
24 45 -4
24 46 -4
24 47 -2
24 48 -1
24 49 0
24 50 0
24 51 0
24 52 0
24 53 -1
24 54 -1
24 55 -2
24 56 -2
24 57 -2
24 58 -2
24 59 -2
24 60 -4
24 61 -4
24 62 -4
24 63 -6
24 64 -5
24 65 -5
24 66 -4
24 67 -4
24 68 -4
24 69 -3
25 0 0
25 1 0
25 2 0
25 3 0
25 4 1
25 5 1
25 6 1
25 7 1
25 8 1
25 9 2
25 10 2
25 11 2
25 12 4
25 13 6
25 14 7
25 15 8
25 16 8
25 17 10
25 18 9
25 19 11
25 20 11
25 21 14
25 22 13
25 23 10
25 24 8
25 25 9
25 26 7
25 27 7
25 28 6
25 29 6
25 30 4
25 31 3
25 32 1
25 33 1
25 34 -1
25 35 -1
25 36 -4
25 37 -4
25 38 -4
25 39 -4
25 40 -4
25 41 -5
25 42 -5
25 43 -5
25 44 -5
25 45 -3
25 46 -3
25 47 -1
25 48 0
25 49 0
25 50 0
25 51 0
25 52 0
25 53 -1
25 54 -1
25 55 -2
25 56 -2
25 57 -2
25 58 -2
25 59 -2
25 60 -4
25 61 -5
25 62 -5
25 63 -6
25 64 -5
25 65 -5
25 66 -4
25 67 -3
25 68 -2
25 69 -2
26 0 0
26 1 0
26 2 0
26 3 0
26 4 1
26 5 1
26 6 1
26 7 2
26 8 3
26 9 3
26 10 3
26 11 4
26 12 6
26 13 8
26 14 8
26 15 9
26 16 10
26 17 11
26 18 11
26 19 11
26 20 12
26 21 12
26 22 12
26 23 10
26 24 8
26 25 8
26 26 8
26 27 7
26 28 6
26 29 6
26 30 5
26 31 3
26 32 1
26 33 1
26 34 -2
26 35 -3
26 36 -5
26 37 -5
26 38 -5
26 39 -5
26 40 -5
26 41 -4
26 42 -4
26 43 -4
26 44 -4
26 45 -2
26 46 -2
26 47 0
26 48 0
26 49 0
26 50 0
26 51 0
26 52 0
26 53 -1
26 54 -1
26 55 -2
26 56 -2
26 57 -2
26 58 -2
26 59 -3
26 60 -4
26 61 -4
26 62 -4
26 63 -5
26 64 -4
26 65 -4
26 66 -3
26 67 -3
26 68 -2
26 69 -2
27 0 0
27 1 0
27 2 0
27 3 0
27 4 0
27 5 1
27 6 2
27 7 2
27 8 3
27 9 3
27 10 5
27 11 5
27 12 6
27 13 9
27 14 9
27 15 9
27 16 9
27 17 10
27 18 10
27 19 9
27 20 10
27 21 11
27 22 11
27 23 10
27 24 8
27 25 8
27 26 7
27 27 8
27 28 6
27 29 6
27 30 4
27 31 3
27 32 2
27 33 0
27 34 -3
27 35 -3
27 36 -4
27 37 -5
27 38 -5
27 39 -5
27 40 -5
27 41 -5
27 42 -4
27 43 -4
27 44 -4
27 45 -2
27 46 -1
27 47 0
27 48 0
27 49 0
27 50 -1
27 51 -1
27 52 -1
27 53 -2
27 54 -2
27 55 -3
27 56 -3
27 57 -2
27 58 -3
27 59 -3
27 60 -4
27 61 -4
27 62 -4
27 63 -5
27 64 -4
27 65 -4
27 66 -3
27 67 -3
27 68 -3
27 69 -2
28 0 0
28 1 0
28 2 0
28 3 0
28 4 0
28 5 1
28 6 2
28 7 2
28 8 3
28 9 5
28 10 5
28 11 5
28 12 6
28 13 8
28 14 9
28 15 9
28 16 9
28 17 11
28 18 10
28 19 12
28 20 12
28 21 11
28 22 13
28 23 12
28 24 9
28 25 8
28 26 6
28 27 6
28 28 4
28 29 4
28 30 3
28 31 1
28 32 -1
28 33 -2
28 34 -5
28 35 -5
28 36 -5
28 37 -6
28 38 -7
28 39 -6
28 40 -6
28 41 -5
28 42 -5
28 43 -4
28 44 -4
28 45 -1
28 46 0
28 47 0
28 48 0
28 49 -1
28 50 -1
28 51 -1
28 52 -1
28 53 -2
28 54 -2
28 55 -2
28 56 -3
28 57 -3
28 58 -3
28 59 -3
28 60 -4
28 61 -4
28 62 -4
28 63 -5
28 64 -4
28 65 -3
28 66 -3
28 67 -3
28 68 -3
28 69 -2
29 0 0
29 1 0
29 2 0
29 3 0
29 4 0
29 5 1
29 6 1
29 7 1
29 8 3
29 9 4
29 10 4
29 11 4
29 12 5
29 13 8
29 14 8
29 15 9
29 16 8
29 17 11
29 18 13
29 19 13
29 20 13
29 21 13
29 22 13
29 23 13
29 24 9
29 25 9
29 26 8
29 27 6
29 28 4
29 29 4
29 30 2
29 31 0
29 32 -1
29 33 -3
29 34 -5
29 35 -5
29 36 -5
29 37 -5
29 38 -6
29 39 -6
29 40 -5
29 41 -5
29 42 -4
29 43 -3
29 44 -3
29 45 0
29 46 0
29 47 0
29 48 -1
29 49 -1
29 50 -1
29 51 -1
29 52 -1
29 53 -2
29 54 -2
29 55 -2
29 56 -2
29 57 -3
29 58 -4
29 59 -3
29 60 -4
29 61 -4
29 62 -4
29 63 -4
29 64 -3
29 65 -3
29 66 -3
29 67 -3
29 68 -3
29 69 -2
30 0 0
30 1 0
30 2 0
30 3 0
30 4 0
30 5 1
30 6 1
30 7 1
30 8 3
30 9 4
30 10 4
30 11 4
30 12 5
30 13 7
30 14 9
30 15 9
30 16 8
30 17 12
30 18 13
30 19 12
30 20 12
30 21 12
30 22 13
30 23 10
30 24 8
30 25 8
30 26 8
30 27 7
30 28 3
30 29 3
30 30 1
30 31 0
30 32 -2
30 33 -3
30 34 -4
30 35 -5
30 36 -5
30 37 -5
30 38 -5
30 39 -5
30 40 -5
30 41 -4
30 42 -4
30 43 -2
30 44 -1
30 45 0
30 46 0
30 47 0
30 48 -1
30 49 -1
30 50 -1
30 51 -1
30 52 -1
30 53 -2
30 54 -2
30 55 -2
30 56 -3
30 57 -3
30 58 -4
30 59 -3
30 60 -4
30 61 -4
30 62 -4
30 63 -3
30 64 -2
30 65 -4
30 66 -5
30 67 -5
30 68 -5
30 69 -4
31 0 0
31 1 0
31 2 0
31 3 0
31 4 0
31 5 1
31 6 1
31 7 1
31 8 3
31 9 4
31 10 4
31 11 4
31 12 5
31 13 8
31 14 8
31 15 9
31 16 8
31 17 13
31 18 13
31 19 12
31 20 12
31 21 12
31 22 12
31 23 11
31 24 8
31 25 8
31 26 8
31 27 8
31 28 3
31 29 3
31 30 1
31 31 0
31 32 -2
31 33 -3
31 34 -4
31 35 -4
31 36 -5
31 37 -5
31 38 -5
31 39 -5
31 40 -5
31 41 -4
31 42 -4
31 43 -1
31 44 -1
31 45 0
31 46 0
31 47 0
31 48 -1
31 49 -1
31 50 -1
31 51 -1
31 52 -1
31 53 -1
31 54 -2
31 55 -3
31 56 -3
31 57 -3
31 58 -4
31 59 -3
31 60 -3
31 61 -4
31 62 -5
31 63 -4
31 64 -4
31 65 -5
31 66 -5
31 67 -5
31 68 -5
31 69 -3
32 0 0
32 1 0
32 2 0
32 3 0
32 4 1
32 5 2
32 6 2
32 7 2
32 8 4
32 9 5
32 10 5
32 11 4
32 12 4
32 13 8
32 14 8
32 15 8
32 16 7
32 17 11
32 18 12
32 19 10
32 20 11
32 21 11
32 22 11
32 23 11
32 24 8
32 25 8
32 26 8
32 27 7
32 28 3
32 29 2
32 30 1
32 31 -1
32 32 -3
32 33 -4
32 34 -4
32 35 -5
32 36 -5
32 37 -5
32 38 -4
32 39 -4
32 40 -4
32 41 -3
32 42 -3
32 43 -1
32 44 0
32 45 0
32 46 0
32 47 0
32 48 -1
32 49 -1
32 50 -1
32 51 -1
32 52 -1
32 53 -1
32 54 -2
32 55 -3
32 56 -3
32 57 -3
32 58 -4
32 59 -3
32 60 -3
32 61 -5
32 62 -5
32 63 -6
32 64 -7
32 65 -6
32 66 -6
32 67 -6
32 68 -5
32 69 -3
33 0 0
33 1 0
33 2 0
33 3 1
33 4 1
33 5 2
33 6 2
33 7 2
33 8 3
33 9 5
33 10 5
33 11 5
33 12 4
33 13 6
33 14 8
33 15 8
33 16 7
33 17 11
33 18 10
33 19 10
33 20 9
33 21 10
33 22 11
33 23 10
33 24 8
33 25 8
33 26 7
33 27 7
33 28 2
33 29 2
33 30 -3
33 31 -3
33 32 -5
33 33 -6
33 34 -6
33 35 -6
33 36 -7
33 37 -5
33 38 -5
33 39 -4
33 40 -4
33 41 -3
33 42 -3
33 43 0
33 44 0
33 45 -1
33 46 -1
33 47 -1
33 48 -2
33 49 -2
33 50 -2
33 51 -2
33 52 -1
33 53 -1
33 54 -2
33 55 -2
33 56 -2
33 57 -2
33 58 -3
33 59 -2
33 60 -4
33 61 -4
33 62 -4
33 63 -5
33 64 -6
33 65 -5
33 66 -5
33 67 -5
33 68 -5
33 69 -3
34 0 0
34 1 1
34 2 2
34 3 2
34 4 2
34 5 3
34 6 3
34 7 3
34 8 3
34 9 4
34 10 5
34 11 5
34 12 5
34 13 6
34 14 7
34 15 8
34 16 7
34 17 9
34 18 10
34 19 9
34 20 8
34 21 7
34 22 7
34 23 8
34 24 6
34 25 6
34 26 6
34 27 5
34 28 2
34 29 -2
34 30 -3
34 31 -3
34 32 -6
34 33 -6
34 34 -6
34 35 -6
34 36 -6
34 37 -6
34 38 -4
34 39 -4
34 40 -3
34 41 -2
34 42 -2
34 43 0
34 44 -1
34 45 -1
34 46 -1
34 47 -1
34 48 -2
34 49 -2
34 50 -2
34 51 -2
34 52 -2
34 53 -1
34 54 -2
34 55 -2
34 56 -2
34 57 -2
34 58 -2
34 59 -3
34 60 -4
34 61 -4
34 62 -4
34 63 -5
34 64 -6
34 65 -5
34 66 -5
34 67 -5
34 68 -4
34 69 -4
35 0 1
35 1 1
35 2 2
35 3 2
35 4 2
35 5 2
35 6 3
35 7 3
35 8 4
35 9 3
35 10 4
35 11 4
35 12 4
35 13 5
35 14 6
35 15 5
35 16 5
35 17 8
35 18 8
35 19 7
35 20 7
35 21 7
35 22 6
35 23 5
35 24 5
35 25 5
35 26 4
35 27 4
35 28 -1
35 29 -2
35 30 -3
35 31 -4
35 32 -5
35 33 -6
35 34 -6
35 35 -6
35 36 -6
35 37 -6
35 38 -6
35 39 -4
35 40 -3
35 41 -2
35 42 -1
35 43 -1
35 44 -1
35 45 -1
35 46 -1
35 47 -1
35 48 -2
35 49 -2
35 50 -2
35 51 -2
35 52 -2
35 53 -2
35 54 -2
35 55 -2
35 56 -2
35 57 -2
35 58 -3
35 59 -3
35 60 -5
35 61 -5
35 62 -5
35 63 -6
35 64 -7
35 65 -5
35 66 -5
35 67 -4
35 68 -4
35 69 -4
36 0 2
36 1 2
36 2 3
36 3 3
36 4 3
36 5 3
36 6 3
36 7 3
36 8 3
36 9 4
36 10 3
36 11 5
36 12 6
36 13 6
36 14 5
36 15 6
36 16 6
36 17 9
36 18 6
36 19 6
36 20 6
36 21 6
36 22 5
36 23 4
36 24 3
36 25 3
36 26 3
36 27 3
36 28 -4
36 29 -5
36 30 -6
36 31 -6
36 32 -7
36 33 -7
36 34 -8
36 35 -6
36 36 -6
36 37 -6
36 38 -6
36 39 -4
36 40 -3
36 41 -1
36 42 -1
36 43 -1
36 44 -1
36 45 -1
36 46 -1
36 47 -1
36 48 -1
36 49 -2
36 50 -2
36 51 -3
36 52 -3
36 53 -3
36 54 -3
36 55 -3
36 56 -3
36 57 -4
36 58 -2
36 59 -3
36 60 -4
36 61 -4
36 62 -4
36 63 -5
36 64 -8
36 65 -7
36 66 -6
36 67 -6
36 68 -6
36 69 -6
37 0 2
37 1 2
37 2 3
37 3 3
37 4 3
37 5 3
37 6 3
37 7 3
37 8 2
37 9 2
37 10 3
37 11 3
37 12 4
37 13 4
37 14 4
37 15 4
37 16 4
37 17 4
37 18 6
37 19 5
37 20 5
37 21 5
37 22 5
37 23 4
37 24 3
37 25 3
37 26 3
37 27 -2
37 28 -5
37 29 -6
37 30 -6
37 31 -7
37 32 -7
37 33 -8
37 34 -7
37 35 -7
37 36 -5
37 37 -5
37 38 -5
37 39 -3
37 40 -1
37 41 -1
37 42 0
37 43 -1
37 44 -1
37 45 -1
37 46 -1
37 47 -1
37 48 -1
37 49 -1
37 50 -3
37 51 -3
37 52 -3
37 53 -3
37 54 -3
37 55 -3
37 56 -5
37 57 -4
37 58 -4
37 59 -4
37 60 -5
37 61 -6
37 62 -6
37 63 -8
37 64 -9
37 65 -8
37 66 -8
37 67 -7
37 68 -6
37 69 -6
38 0 2
38 1 2
38 2 3
38 3 3
38 4 3
38 5 3
38 6 3
38 7 3
38 8 3
38 9 3
38 10 2
38 11 2
38 12 3
38 13 2
38 14 3
38 15 3
38 16 3
38 17 3
38 18 4
38 19 6
38 20 5
38 21 5
38 22 5
38 23 3
38 24 3
38 25 3
38 26 -3
38 27 -4
38 28 -6
38 29 -7
38 30 -7
38 31 -7
38 32 -8
38 33 -7
38 34 -8
38 35 -7
38 36 -7
38 37 -5
38 38 -5
38 39 -2
38 40 -1
38 41 0
38 42 0
38 43 -1
38 44 -1
38 45 -1
38 46 -1
38 47 -1
38 48 -1
38 49 -2
38 50 -2
38 51 3
38 52 -2
38 53 -2
38 54 -2
38 55 -3
38 56 -4
38 57 -4
38 58 -4
38 59 -5
38 60 -6
38 61 -6
38 62 -8
38 63 -9
38 64 -9
38 65 -8
38 66 -8
38 67 -7
38 68 -7
38 69 -6
39 0 2
39 1 2
39 2 3
39 3 3
39 4 3
39 5 3
39 6 3
39 7 3
39 8 3
39 9 3
39 10 2
39 11 2
39 12 3
39 13 2
39 14 2
39 15 3
39 16 3
39 17 3
39 18 3
39 19 4
39 20 3
39 21 3
39 22 2
39 23 1
39 24 1
39 25 -1
39 26 -4
39 27 -4
39 28 -6
39 29 -7
39 30 -7
39 31 -7
39 32 -7
39 33 -7
39 34 -6
39 35 -6
39 36 -5
39 37 -3
39 38 -3
39 39 -1
39 40 0
39 41 0
39 42 0
39 43 -1
39 44 -1
39 45 -1
39 46 -1
39 47 -1
39 48 -1
39 49 -2
39 50 -2
39 51 3
39 52 -2
39 53 -2
39 54 -3
39 55 -4
39 56 -5
39 57 -5
39 58 -5
39 59 -7
39 60 -7
39 61 -6
39 62 -8
39 63 -8
39 64 -8
39 65 -8
39 66 -8
39 67 -7
39 68 -7
39 69 -7
40 0 2
40 1 2
40 2 3
40 3 3
40 4 3
40 5 3
40 6 3
40 7 3
40 8 3
40 9 3
40 10 2
40 11 2
40 12 3
40 13 2
40 14 2
40 15 2
40 16 2
40 17 2
40 18 2
40 19 2
40 20 1
40 21 1
40 22 1
40 23 0
40 24 -1
40 25 -2
40 26 -4
40 27 -4
40 28 -6
40 29 -7
40 30 -7
40 31 -7
40 32 -7
40 33 -7
40 34 -7
40 35 -6
40 36 -5
40 37 -3
40 38 -3
40 39 -1
40 40 0
40 41 0
40 42 0
40 43 -1
40 44 -1
40 45 -1
40 46 -1
40 47 -1
40 48 -1
40 49 -2
40 50 -2
40 51 3
40 52 -2
40 53 -3
40 54 -3
40 55 -3
40 56 -5
40 57 -5
40 58 -7
40 59 -9
40 60 -8
40 61 -9
40 62 -10
40 63 -9
40 64 -9
40 65 -7
40 66 -8
40 67 -7
40 68 -7
40 69 -7
41 0 2
41 1 2
41 2 2
41 3 3
41 4 3
41 5 4
41 6 5
41 7 5
41 8 5
41 9 5
41 10 4
41 11 4
41 12 3
41 13 2
41 14 2
41 15 2
41 16 2
41 17 2
41 18 2
41 19 2
41 20 1
41 21 1
41 22 1
41 23 0
41 24 -1
41 25 -2
41 26 -4
41 27 -4
41 28 -6
41 29 -6
41 30 -7
41 31 -7
41 32 -7
41 33 -7
41 34 -7
41 35 -6
41 36 -5
41 37 -3
41 38 -4
41 39 -1
41 40 -1
41 41 -1
41 42 -1
41 43 -2
41 44 -2
41 45 -1
41 46 -1
41 47 -1
41 48 -1
41 49 -2
41 50 -2
41 51 3
41 52 -3
41 53 -3
41 54 -3
41 55 -3
41 56 -4
41 57 -6
41 58 -6
41 59 -7
41 60 -7
41 61 -7
41 62 -10
41 63 -9
41 64 -9
41 65 -8
41 66 -6
41 67 -5
41 68 -5
41 69 -3
42 0 2
42 1 2
42 2 2
42 3 2
42 4 4
42 5 5
42 6 5
42 7 5
42 8 5
42 9 5
42 10 4
42 11 3
42 12 4
42 13 3
42 14 2
42 15 2
42 16 2
42 17 2
42 18 2
42 19 2
42 20 1
42 21 1
42 22 1
42 23 -1
42 24 -2
42 25 -3
42 26 -5
42 27 -5
42 28 -5
42 29 -7
42 30 -6
42 31 -7
42 32 -7
42 33 -7
42 34 -7
42 35 -6
42 36 -5
42 37 -4
42 38 -1
42 39 -1
42 40 -1
42 41 -1
42 42 -1
42 43 -1
42 44 -2
42 45 -2
42 46 -1
42 47 -1
42 48 4
42 49 3
42 50 3
42 51 8
42 52 -4
42 53 -3
42 54 -4
42 55 -4
42 56 -7
42 57 -7
42 58 -7
42 59 -7
42 60 -6
42 61 -7
42 62 -9
42 63 -8
42 64 -8
42 65 -7
42 66 -7
42 67 -4
42 68 -3
42 69 -3
43 0 2
43 1 2
43 2 2
43 3 3
43 4 4
43 5 4
43 6 4
43 7 4
43 8 4
43 9 3
43 10 3
43 11 3
43 12 3
43 13 4
43 14 3
43 15 2
43 16 2
43 17 2
43 18 2
43 19 2
43 20 1
43 21 0
43 22 -2
43 23 -2
43 24 -3
43 25 -4
43 26 -6
43 27 -6
43 28 -5
43 29 -5
43 30 -7
43 31 -6
43 32 -6
43 33 -6
43 34 -6
43 35 -5
43 36 -5
43 37 -1
43 38 -1
43 39 -1
43 40 -1
43 41 -1
43 42 -1
43 43 -1
43 44 -1
43 45 -3
43 46 -3
43 47 -2
43 48 -2
43 49 -3
43 50 -3
43 51 -5
43 52 -4
43 53 -4
43 54 -5
43 55 -5
43 56 -8
43 57 -8
43 58 -7
43 59 -8
43 60 -6
43 61 -6
43 62 -8
43 63 -7
43 64 -7
43 65 -6
43 66 -6
43 67 -3
43 68 -3
43 69 -3
44 0 1
44 1 2
44 2 2
44 3 3
44 4 4
44 5 4
44 6 4
44 7 4
44 8 3
44 9 3
44 10 3
44 11 3
44 12 3
44 13 3
44 14 3
44 15 2
44 16 2
44 17 2
44 18 2
44 19 2
44 20 0
44 21 -2
44 22 -2
44 23 -2
44 24 -3
44 25 -4
44 26 -6
44 27 -6
44 28 -6
44 29 -5
44 30 -5
44 31 -5
44 32 -4
44 33 -4
44 34 -4
44 35 -3
44 36 -3
44 37 -1
44 38 -1
44 39 -1
44 40 -1
44 41 -1
44 42 -1
44 43 -1
44 44 -2
44 45 -2
44 46 -2
44 47 -1
44 48 -1
44 49 -2
44 50 -4
44 51 -4
44 52 -5
44 53 -5
44 54 -7
44 55 -7
44 56 -9
44 57 -10
44 58 -10
44 59 -10
44 60 -8
44 61 -6
44 62 -8
44 63 -7
44 64 -7
44 65 -6
44 66 -5
44 67 -3
44 68 -3
44 69 -3
45 0 1
45 1 2
45 2 2
45 3 3
45 4 4
45 5 4
45 6 4
45 7 4
45 8 2
45 9 2
45 10 3
45 11 3
45 12 3
45 13 3
45 14 2
45 15 1
45 16 1
45 17 1
45 18 0
45 19 -2
45 20 -2
45 21 -3
45 22 -3
45 23 -3
45 24 -4
45 25 -4
45 26 -4
45 27 -6
45 28 -6
45 29 -6
45 30 -5
45 31 -5
45 32 -4
45 33 -4
45 34 -4
45 35 -3
45 36 -1
45 37 -1
45 38 -1
45 39 -1
45 40 -1
45 41 -1
45 42 -1
45 43 -2
45 44 -2
45 45 -2
45 46 -2
45 47 -1
45 48 -1
45 49 -2
45 50 -4
45 51 -4
45 52 -6
45 53 -7
45 54 -7
45 55 -7
45 56 -9
45 57 -9
45 58 -10
45 59 -10
45 60 -9
45 61 -7
45 62 -6
45 63 -7
45 64 -8
45 65 -6
45 66 -6
45 67 -4
45 68 -4
45 69 -4
46 0 2
46 1 2
46 2 2
46 3 3
46 4 4
46 5 4
46 6 4
46 7 3
46 8 3
46 9 2
46 10 2
46 11 3
46 12 3
46 13 3
46 14 2
46 15 1
46 16 1
46 17 0
46 18 -1
46 19 -2
46 20 -2
46 21 -3
46 22 -3
46 23 -3
46 24 -4
46 25 -4
46 26 -4
46 27 -4
46 28 -6
46 29 -6
46 30 -5
46 31 -5
46 32 -4
46 33 -4
46 34 -4
46 35 0
46 36 -1
46 37 -1
46 38 -1
46 39 -1
46 40 -1
46 41 -1
46 42 -1
46 43 -3
46 44 -3
46 45 -3
46 46 -3
46 47 -2
46 48 -2
46 49 -3
46 50 -3
46 51 -5
46 52 -7
46 53 -7
46 54 -6
46 55 -7
46 56 -9
46 57 -9
46 58 -8
46 59 -8
46 60 -8
46 61 -7
46 62 -6
46 63 -5
46 64 -6
46 65 -6
46 66 -6
46 67 -4
46 68 -4
46 69 -3
47 0 2
47 1 2
47 2 2
47 3 3
47 4 4
47 5 4
47 6 3
47 7 3
47 8 3
47 9 3
47 10 2
47 11 2
47 12 2
47 13 2
47 14 1
47 15 0
47 16 -1
47 17 -2
47 18 -2
47 19 -3
47 20 -3
47 21 -4
47 22 -4
47 23 -4
47 24 -3
47 25 -4
47 26 -4
47 27 -4
47 28 -4
47 29 -4
47 30 -3
47 31 -3
47 32 -2
47 33 -2
47 34 0
47 35 0
47 36 -1
47 37 -1
47 38 -1
47 39 -1
47 40 -1
47 41 -1
47 42 -2
47 43 -3
47 44 -3
47 45 -3
47 46 -3
47 47 -2
47 48 -2
47 49 -4
47 50 -5
47 51 -6
47 52 -8
47 53 -8
47 54 -7
47 55 -7
47 56 -9
47 57 -9
47 58 -8
47 59 -8
47 60 -7
47 61 -7
47 62 -7
47 63 -4
47 64 -4
47 65 -4
47 66 -4
47 67 -2
47 68 -1
47 69 -1
48 0 2
48 1 2
48 2 2
48 3 3
48 4 4
48 5 4
48 6 4
48 7 3
48 8 3
48 9 3
48 10 2
48 11 2
48 12 2
48 13 2
48 14 0
48 15 -1
48 16 -3
48 17 -3
48 18 -3
48 19 -4
48 20 -4
48 21 -4
48 22 -4
48 23 -4
48 24 -4
48 25 -3
48 26 -4
48 27 -3
48 28 -3
48 29 -3
48 30 -2
48 31 -3
48 32 -2
48 33 -1
48 34 -1
48 35 -1
48 36 -2
48 37 -2
48 38 -1
48 39 -1
48 40 -1
48 41 -2
48 42 -2
48 43 -3
48 44 -3
48 45 -3
48 46 -3
48 47 -2
48 48 -3
48 49 -4
48 50 -7
48 51 -8
48 52 -8
48 53 -9
48 54 -8
48 55 -8
48 56 -10
48 57 -8
48 58 -8
48 59 -7
48 60 -6
48 61 -6
48 62 -5
48 63 -4
48 64 -4
48 65 -4
48 66 -4
48 67 -2
48 68 -1
48 69 -1
49 0 2
49 1 2
49 2 2
49 3 3
49 4 4
49 5 4
49 6 4
49 7 4
49 8 3
49 9 3
49 10 2
49 11 2
49 12 1
49 13 0
49 14 -1
49 15 -3
49 16 -4
49 17 -4
49 18 -4
49 19 -4
49 20 -4
49 21 -5
49 22 -4
49 23 -4
49 24 -4
49 25 -4
49 26 -3
49 27 -2
49 28 -2
49 29 -2
49 30 -2
49 31 -2
49 32 -1
49 33 -1
49 34 -1
49 35 -1
49 36 -2
49 37 -2
49 38 -2
49 39 -1
49 40 -1
49 41 -2
49 42 -2
49 43 -3
49 44 -3
49 45 -3
49 46 -3
49 47 -3
49 48 -3
49 49 -6
49 50 -7
49 51 -8
49 52 -8
49 53 -8
49 54 -8
49 55 -8
49 56 -8
49 57 -10
49 58 -8
49 59 -8
49 60 -7
49 61 -5
49 62 -5
49 63 -4
49 64 -4
49 65 -4
49 66 -2
49 67 -2
49 68 -2
49 69 -1
50 0 2
50 1 2
50 2 2
50 3 2
50 4 3
50 5 4
50 6 4
50 7 4
50 8 3
50 9 3
50 10 2
50 11 1
50 12 0
50 13 -1
50 14 -2
50 15 -3
50 16 -4
50 17 -4
50 18 -4
50 19 -5
50 20 -4
50 21 -5
50 22 -5
50 23 -4
50 24 -4
50 25 -4
50 26 -3
50 27 -2
50 28 -2
50 29 -3
50 30 -2
50 31 -2
50 32 -1
50 33 -1
50 34 -1
50 35 -1
50 36 -1
50 37 -2
50 38 -2
50 39 -2
50 40 -2
50 41 -3
50 42 -3
50 43 -4
50 44 -4
50 45 -4
50 46 -3
50 47 -3
50 48 -4
50 49 -6
50 50 -7
50 51 -8
50 52 -8
50 53 -8
50 54 -7
50 55 -7
50 56 -7
50 57 -7
50 58 -8
50 59 -9
50 60 -7
50 61 -6
50 62 -6
50 63 -5
50 64 -5
50 65 -3
50 66 -2
50 67 -2
50 68 -2
50 69 -2
51 0 2
51 1 2
51 2 2
51 3 2
51 4 2
51 5 3
51 6 4
51 7 4
51 8 3
51 9 3
51 10 0
51 11 0
51 12 -2
51 13 -3
51 14 -3
51 15 -4
51 16 -5
51 17 -4
51 18 -4
51 19 -5
51 20 -5
51 21 -4
51 22 -5
51 23 -4
51 24 -4
51 25 -4
51 26 -3
51 27 -2
51 28 -2
51 29 -3
51 30 -2
51 31 -1
51 32 -1
51 33 -1
51 34 -1
51 35 -1
51 36 -1
51 37 -1
51 38 -2
51 39 -3
51 40 -2
51 41 -3
51 42 -3
51 43 -4
51 44 -4
51 45 -3
51 46 -3
51 47 -5
51 48 -6
51 49 -8
51 50 -8
51 51 -10
51 52 -10
51 53 -10
51 54 -8
51 55 -7
51 56 -7
51 57 -7
51 58 -7
51 59 -7
51 60 -4
51 61 -4
51 62 -4
51 63 -3
51 64 -3
51 65 -3
51 66 -3
51 67 -2
51 68 -2
51 69 -2
52 0 2
52 1 2
52 2 2
52 3 2
52 4 2
52 5 2
52 6 1
52 7 1
52 8 0
52 9 -1
52 10 -3
52 11 -3
52 12 -4
52 13 -3
52 14 -3
52 15 -4
52 16 -5
52 17 -5
52 18 -4
52 19 -4
52 20 -5
52 21 -4
52 22 -4
52 23 -4
52 24 -4
52 25 -4
52 26 -3
52 27 -2
52 28 -2
52 29 -2
52 30 -1
52 31 -1
52 32 -1
52 33 -1
52 34 -1
52 35 -1
52 36 -1
52 37 -1
52 38 -2
52 39 -2
52 40 -1
52 41 -2
52 42 -2
52 43 -2
52 44 -3
52 45 -3
52 46 -4
52 47 -6
52 48 -7
52 49 -7
52 50 -8
52 51 -9
52 52 -10
52 53 -9
52 54 -9
52 55 -8
52 56 -7
52 57 -8
52 58 -7
52 59 -5
52 60 -4
52 61 -4
52 62 -4
52 63 -3
52 64 -3
52 65 -3
52 66 -3
52 67 -3
52 68 -2
52 69 -2
53 0 2
53 1 2
53 2 2
53 3 2
53 4 2
53 5 1
53 6 1
53 7 1
53 8 -1
53 9 -1
53 10 -3
53 11 -3
53 12 -4
53 13 -4
53 14 -3
53 15 -4
53 16 -5
53 17 -5
53 18 -5
53 19 -4
53 20 -4
53 21 -4
53 22 -4
53 23 -3
53 24 -3
53 25 -3
53 26 -2
53 27 -1
53 28 0
53 29 -1
53 30 -1
53 31 -1
53 32 -1
53 33 -1
53 34 -1
53 35 -1
53 36 -2
53 37 -2
53 38 -3
53 39 -3
53 40 -2
53 41 -3
53 42 -3
53 43 -2
53 44 -2
53 45 -4
53 46 -5
53 47 -7
53 48 -8
53 49 -8
53 50 -8
53 51 -9
53 52 -8
53 53 -9
53 54 -8
53 55 -8
53 56 -7
53 57 -7
53 58 -5
53 59 -5
53 60 -4
53 61 -3
53 62 -3
53 63 -3
53 64 -3
53 65 -3
53 66 -3
53 67 -3
53 68 -2
53 69 -2
54 0 2
54 1 2
54 2 2
54 3 2
54 4 1
54 5 0
54 6 0
54 7 0
54 8 -2
54 9 -3
54 10 -4
54 11 -4
54 12 -4
54 13 -4
54 14 -4
54 15 -4
54 16 -4
54 17 -5
54 18 -5
54 19 -4
54 20 -4
54 21 -3
54 22 -3
54 23 -2
54 24 -2
54 25 -2
54 26 0
54 27 0
54 28 0
54 29 -1
54 30 -1
54 31 -1
54 32 -1
54 33 -1
54 34 -1
54 35 -2
54 36 -2
54 37 -2
54 38 -3
54 39 -3
54 40 -2
54 41 -3
54 42 -3
54 43 -3
54 44 -2
54 45 -3
54 46 -5
54 47 -6
54 48 -7
54 49 -7
54 50 -7
54 51 -7
54 52 -6
54 53 -7
54 54 -8
54 55 -7
54 56 -6
54 57 -6
54 58 -5
54 59 -5
54 60 -3
54 61 -2
54 62 -2
54 63 -3
54 64 -3
54 65 -3
54 66 -3
54 67 -3
54 68 -2
54 69 -2
55 0 1
55 1 2
55 2 2
55 3 2
55 4 0
55 5 0
55 6 0
55 7 0
55 8 -3
55 9 -3
55 10 -4
55 11 -4
55 12 -5
55 13 -4
55 14 -4
55 15 -4
55 16 -4
55 17 -4
55 18 -5
55 19 -4
55 20 -4
55 21 -3
55 22 -3
55 23 -2
55 24 -2
55 25 -1
55 26 0
55 27 0
55 28 0
55 29 -1
55 30 -1
55 31 -1
55 32 -1
55 33 -1
55 34 -2
55 35 -2
55 36 -2
55 37 -2
55 38 -3
55 39 -3
55 40 -2
55 41 -2
55 42 -3
55 43 -3
55 44 -3
55 45 -5
55 46 -6
55 47 -7
55 48 -8
55 49 -8
55 50 -8
55 51 -7
55 52 -6
55 53 -6
55 54 -7
55 55 -7
55 56 -5
55 57 -5
55 58 -4
55 59 -4
55 60 -3
55 61 -2
55 62 -2
55 63 -2
55 64 -3
55 65 -3
55 66 -3
55 67 -3
55 68 -2
55 69 -2
56 0 1
56 1 1
56 2 1
56 3 -1
56 4 -2
56 5 -2
56 6 -2
56 7 -3
56 8 -4
56 9 -4
56 10 -4
56 11 -4
56 12 -5
56 13 -5
56 14 -4
56 15 -3
56 16 -4
56 17 -4
56 18 -4
56 19 -3
56 20 -3
56 21 -2
56 22 -2
56 23 -1
56 24 -1
56 25 0
56 26 0
56 27 0
56 28 0
56 29 -1
56 30 -1
56 31 -1
56 32 -1
56 33 -1
56 34 -2
56 35 -2
56 36 -2
56 37 -2
56 38 -3
56 39 -3
56 40 -2
56 41 -2
56 42 -2
56 43 -3
56 44 -5
56 45 -6
56 46 -7
56 47 -7
56 48 -9
56 49 -8
56 50 -8
56 51 -7
56 52 -7
56 53 -7
56 54 -7
56 55 -7
56 56 -5
56 57 -4
56 58 -4
56 59 -3
56 60 -3
56 61 -3
56 62 -2
56 63 -2
56 64 -2
56 65 -2
56 66 -2
56 67 -2
56 68 -1
56 69 -1
57 0 0
57 1 0
57 2 -1
57 3 -2
57 4 -3
57 5 -3
57 6 -3
57 7 -3
57 8 -4
57 9 -4
57 10 -5
57 11 -4
57 12 -4
57 13 -5
57 14 -4
57 15 -3
57 16 -3
57 17 -4
57 18 -4
57 19 -3
57 20 -3
57 21 -2
57 22 -1
57 23 -1
57 24 -1
57 25 -1
57 26 -1
57 27 -1
57 28 -1
57 29 -1
57 30 -2
57 31 -1
57 32 -1
57 33 -1
57 34 -2
57 35 -2
57 36 -2
57 37 -2
57 38 -3
57 39 -2
57 40 -2
57 41 -2
57 42 -2
57 43 -4
57 44 -4
57 45 -5
57 46 -6
57 47 -6
57 48 -6
57 49 -7
57 50 -7
57 51 -8
57 52 -8
57 53 -8
57 54 -7
57 55 -7
57 56 -4
57 57 -4
57 58 -2
57 59 -2
57 60 -3
57 61 -3
57 62 -3
57 63 -2
57 64 -2
57 65 -2
57 66 -2
57 67 -2
57 68 -1
57 69 0
58 0 -1
58 1 -2
58 2 -2
58 3 -3
58 4 -4
58 5 -4
58 6 -4
58 7 -3
58 8 -4
58 9 -4
58 10 -4
58 11 -5
58 12 -4
58 13 -4
58 14 -4
58 15 -3
58 16 -3
58 17 -3
58 18 -3
58 19 -2
58 20 -1
58 21 0
58 22 0
58 23 -1
58 24 -1
58 25 -1
58 26 -1
58 27 -1
58 28 -1
58 29 -1
58 30 -1
58 31 -2
58 32 -1
58 33 -1
58 34 -2
58 35 -2
58 36 -2
58 37 -2
58 38 -2
58 39 -2
58 40 -2
58 41 -2
58 42 -4
58 43 -5
58 44 -5
58 45 -6
58 46 -7
58 47 -7
58 48 -7
58 49 -5
58 50 -6
58 51 -6
58 52 -7
58 53 -6
58 54 -5
58 55 -5
58 56 -3
58 57 -2
58 58 -2
58 59 -2
58 60 -2
58 61 -3
58 62 -3
58 63 -2
58 64 -2
58 65 -2
58 66 -2
58 67 -2
58 68 0
58 69 0
59 0 -1
59 1 -2
59 2 -2
59 3 -3
59 4 -4
59 5 -4
59 6 -4
59 7 -4
59 8 -4
59 9 -4
59 10 -4
59 11 -4
59 12 -4
59 13 -4
59 14 -3
59 15 -2
59 16 -2
59 17 -2
59 18 -2
59 19 0
59 20 0
59 21 0
59 22 -1
59 23 -1
59 24 -1
59 25 -1
59 26 -1
59 27 -1
59 28 -1
59 29 -1
59 30 -2
59 31 -2
59 32 -2
59 33 -1
59 34 -2
59 35 -2
59 36 -2
59 37 -1
59 38 -1
59 39 -2
59 40 -2
59 41 -4
59 42 -5
59 43 -6
59 44 -6
59 45 -7
59 46 -8
59 47 -8
59 48 -6
59 49 -6
59 50 -5
59 51 -5
59 52 -6
59 53 -5
59 54 -4
59 55 -4
59 56 -2
59 57 -1
59 58 -2
59 59 -2
59 60 -2
59 61 -2
59 62 -2
59 63 -1
59 64 -1
59 65 -1
59 66 -1
59 67 0
59 68 0
59 69 0
60 0 -1
60 1 -2
60 2 -2
60 3 -3
60 4 -4
60 5 -4
60 6 -4
60 7 -4
60 8 -3
60 9 -4
60 10 -4
60 11 -4
60 12 -3
60 13 -3
60 14 -2
60 15 -1
60 16 -1
60 17 -1
60 18 0
60 19 0
60 20 0
60 21 0
60 22 -1
60 23 -1
60 24 -1
60 25 -1
60 26 -1
60 27 -1
60 28 -1
60 29 -2
60 30 -2
60 31 -2
60 32 -2
60 33 -1
60 34 -2
60 35 -2
60 36 -2
60 37 -2
60 38 -1
60 39 -1
60 40 -4
60 41 -4
60 42 -5
60 43 -7
60 44 -7
60 45 -7
60 46 -8
60 47 -8
60 48 -8
60 49 -8
60 50 -7
60 51 -6
60 52 -7
60 53 -6
60 54 -5
60 55 -4
60 56 -1
60 57 -1
60 58 -1
60 59 -2
60 60 -2
60 61 -2
60 62 -2
60 63 -1
60 64 -1
60 65 -1
60 66 0
60 67 0
60 68 0
60 69 0
61 0 -2
61 1 -3
61 2 -3
61 3 -4
61 4 -4
61 5 -4
61 6 -4
61 7 -4
61 8 -3
61 9 -3
61 10 -4
61 11 -4
61 12 -3
61 13 -3
61 14 -1
61 15 -1
61 16 -1
61 17 0
61 18 0
61 19 0
61 20 0
61 21 0
61 22 -1
61 23 -1
61 24 -1
61 25 -1
61 26 -1
61 27 -2
61 28 -3
61 29 -3
61 30 -3
61 31 -3
61 32 -3
61 33 -2
61 34 -2
61 35 -2
61 36 -2
61 37 -2
61 38 -2
61 39 -2
61 40 -3
61 41 -3
61 42 -5
61 43 -6
61 44 -6
61 45 -6
61 46 -6
61 47 -7
61 48 -9
61 49 -9
61 50 -8
61 51 -6
61 52 -7
61 53 -6
61 54 -4
61 55 -3
61 56 -2
61 57 -1
61 58 -1
61 59 -1
61 60 -1
61 61 -1
61 62 -1
61 63 0
61 64 0
61 65 0
61 66 0
61 67 0
61 68 0
61 69 0
62 0 -3
62 1 -4
62 2 -4
62 3 -5
62 4 -5
62 5 -5
62 6 -4
62 7 -4
62 8 -3
62 9 -3
62 10 -3
62 11 -3
62 12 -2
62 13 -1
62 14 0
62 15 0
62 16 0
62 17 0
62 18 0
62 19 0
62 20 0
62 21 0
62 22 -1
62 23 -1
62 24 -1
62 25 -1
62 26 -2
62 27 -2
62 28 -3
62 29 -3
62 30 -3
62 31 -3
62 32 -3
62 33 -2
62 34 -2
62 35 -2
62 36 -2
62 37 -2
62 38 -2
62 39 -2
62 40 -3
62 41 -4
62 42 -5
62 43 -6
62 44 -5
62 45 -5
62 46 -6
62 47 -7
62 48 -7
62 49 -7
62 50 -6
62 51 -5
62 52 -5
62 53 -4
62 54 -3
62 55 -2
62 56 -2
62 57 -2
62 58 -1
62 59 -1
62 60 -1
62 61 -1
62 62 -1
62 63 0
62 64 0
62 65 0
62 66 0
62 67 0
62 68 0
62 69 0
63 0 -3
63 1 -4
63 2 -4
63 3 -4
63 4 -5
63 5 -5
63 6 -5
63 7 -3
63 8 -2
63 9 -2
63 10 -2
63 11 -2
63 12 -1
63 13 0
63 14 0
63 15 0
63 16 0
63 17 0
63 18 0
63 19 0
63 20 -1
63 21 -1
63 22 -2
63 23 -2
63 24 -2
63 25 -3
63 26 -3
63 27 -2
63 28 -3
63 29 -3
63 30 -3
63 31 -3
63 32 -3
63 33 -2
63 34 -2
63 35 -2
63 36 -4
63 37 -4
63 38 -4
63 39 -4
63 40 -5
63 41 -6
63 42 -7
63 43 -5
63 44 -5
63 45 -5
63 46 -5
63 47 -7
63 48 -7
63 49 -7
63 50 -6
63 51 -5
63 52 -5
63 53 -4
63 54 -2
63 55 -2
63 56 -2
63 57 -2
63 58 -1
63 59 -1
63 60 -1
63 61 -1
63 62 -1
63 63 0
63 64 0
63 65 0
63 66 0
63 67 0
63 68 0
63 69 0
64 0 -3
64 1 -4
64 2 -4
64 3 -4
64 4 -4
64 5 -5
64 6 -5
64 7 -4
64 8 -2
64 9 -2
64 10 -2
64 11 -2
64 12 0
64 13 0
64 14 0
64 15 0
64 16 0
64 17 0
64 18 0
64 19 -1
64 20 -1
64 21 -1
64 22 -2
64 23 -2
64 24 -2
64 25 -3
64 26 -3
64 27 -3
64 28 -3
64 29 -3
64 30 -3
64 31 -3
64 32 -3
64 33 -3
64 34 -3
64 35 -5
64 36 -4
64 37 -4
64 38 -4
64 39 -4
64 40 -4
64 41 -5
64 42 -6
64 43 -7
64 44 -6
64 45 -6
64 46 -6
64 47 -7
64 48 -7
64 49 -7
64 50 -5
64 51 -4
64 52 -3
64 53 -2
64 54 -2
64 55 -2
64 56 -2
64 57 -2
64 58 -1
64 59 -1
64 60 -1
64 61 -1
64 62 0
64 63 0
64 64 0
64 65 0
64 66 0
64 67 0
64 68 0
64 69 0
65 0 -3
65 1 -3
65 2 -4
65 3 -4
65 4 -4
65 5 -4
65 6 -4
65 7 -3
65 8 -1
65 9 -1
65 10 -1
65 11 0
65 12 0
65 13 0
65 14 0
65 15 0
65 16 0
65 17 0
65 18 -1
65 19 -1
65 20 -1
65 21 -1
65 22 -2
65 23 -2
65 24 -2
65 25 -3
65 26 -3
65 27 -3
65 28 -4
65 29 -3
65 30 -3
65 31 -3
65 32 -4
65 33 -3
65 34 -5
65 35 -5
65 36 -4
65 37 -4
65 38 -4
65 39 -4
65 40 -5
65 41 -5
65 42 -6
65 43 -7
65 44 -7
65 45 -6
65 46 -6
65 47 -7
65 48 -7
65 49 -7
65 50 -6
65 51 -4
65 52 -1
65 53 -1
65 54 -2
65 55 -2
65 56 -2
65 57 -2
65 58 -1
65 59 -1
65 60 -1
65 61 0
65 62 0
65 63 0
65 64 0
65 65 0
65 66 0
65 67 0
65 68 0
65 69 0
66 0 -3
66 1 -3
66 2 -3
66 3 -4
66 4 -4
66 5 -4
66 6 -4
66 7 -2
66 8 -1
66 9 -1
66 10 0
66 11 0
66 12 0
66 13 0
66 14 0
66 15 0
66 16 0
66 17 0
66 18 -1
66 19 -1
66 20 -1
66 21 -1
66 22 -1
66 23 -2
66 24 -2
66 25 -3
66 26 -3
66 27 -3
66 28 -4
66 29 -3
66 30 -3
66 31 -4
66 32 -3
66 33 -3
66 34 -5
66 35 -5
66 36 -4
66 37 -4
66 38 -4
66 39 -4
66 40 -5
66 41 -7
66 42 -6
66 43 -6
66 44 -7
66 45 -5
66 46 -5
66 47 -6
66 48 -6
66 49 -6
66 50 -5
66 51 -3
66 52 -1
66 53 -1
66 54 -1
66 55 -1
66 56 -1
66 57 -1
66 58 0
66 59 0
66 60 0
66 61 0
66 62 0
66 63 0
66 64 0
66 65 0
66 66 0
66 67 0
66 68 0
66 69 0
67 0 -3
67 1 -3
67 2 -3
67 3 -3
67 4 -3
67 5 -3
67 6 -2
67 7 -1
67 8 0
67 9 0
67 10 0
67 11 0
67 12 0
67 13 0
67 14 0
67 15 0
67 16 0
67 17 0
67 18 -1
67 19 -1
67 20 -1
67 21 -1
67 22 -1
67 23 -1
67 24 -2
67 25 -3
67 26 -3
67 27 -3
67 28 -4
67 29 -3
67 30 -3
67 31 -3
67 32 -3
67 33 -3
67 34 -5
67 35 -5
67 36 -4
67 37 -4
67 38 -4
67 39 -4
67 40 -4
67 41 -7
67 42 -6
67 43 -6
67 44 -6
67 45 -4
67 46 -4
67 47 -5
67 48 -5
67 49 -5
67 50 -3
67 51 -3
67 52 -1
67 53 -1
67 54 -1
67 55 -1
67 56 -1
67 57 -1
67 58 0
67 59 0
67 60 0
67 61 0
67 62 0
67 63 0
67 64 0
67 65 0
67 66 0
67 67 0
67 68 0
67 69 0
68 0 -2
68 1 -2
68 2 -2
68 3 -2
68 4 -2
68 5 -2
68 6 -2
68 7 -1
68 8 0
68 9 0
68 10 0
68 11 0
68 12 0
68 13 0
68 14 0
68 15 0
68 16 0
68 17 0
68 18 -1
68 19 -1
68 20 -1
68 21 -1
68 22 -1
68 23 -1
68 24 -1
68 25 -2
68 26 -2
68 27 -2
68 28 -2
68 29 -2
68 30 -2
68 31 -3
68 32 -3
68 33 -3
68 34 -5
68 35 -5
68 36 -4
68 37 -4
68 38 -3
68 39 -3
68 40 -4
68 41 -6
68 42 -6
68 43 -6
68 44 -6
68 45 -4
68 46 -4
68 47 -5
68 48 -5
68 49 -3
68 50 -3
68 51 -3
68 52 -1
68 53 -1
68 54 -1
68 55 -1
68 56 -1
68 57 -1
68 58 0
68 59 0
68 60 0
68 61 0
68 62 0
68 63 0
68 64 0
68 65 0
68 66 0
68 67 0
68 68 0
68 69 0
69 0 -2
69 1 -2
69 2 -2
69 3 -2
69 4 -2
69 5 -2
69 6 -2
69 7 -1
69 8 0
69 9 0
69 10 0
69 11 0
69 12 0
69 13 0
69 14 0
69 15 0
69 16 0
69 17 0
69 18 -1
69 19 -1
69 20 -1
69 21 -1
69 22 -1
69 23 -1
69 24 -1
69 25 -2
69 26 -2
69 27 -2
69 28 -2
69 29 -1
69 30 -2
69 31 -3
69 32 -3
69 33 -3
69 34 -5
69 35 -5
69 36 -4
69 37 -3
69 38 -3
69 39 -3
69 40 -3
69 41 -5
69 42 -5
69 43 -5
69 44 -5
69 45 -3
69 46 -3
69 47 -3
69 48 -3
69 49 -3
69 50 -3
69 51 -2
69 52 -1
69 53 -1
69 54 -1
69 55 -1
69 56 -1
69 57 0
69 58 0
69 59 0
69 60 0
69 61 0
69 62 0
69 63 0
69 64 0
69 65 0
69 66 0
69 67 0
69 68 0
69 69 0
TOWERS
16 44 
17 47 
20 47 
38 51 
42 51 
42 48 
26 51 
11 33 
21 35 
28 38 
36 42 
46 42 
5 27 
4 51 
5 37 
25 21 
31 13 
31 20 
38 19 
4 44 
OBJECTIVES
18 45 
40 49 
30 19 
